Method Broyden:
Number of iterations objective function: 380
Number of iterations: 11
Calculation accuracy - 1E-05
  i                            (x, y)     f(x, y)                         S        lambda        angle        delta(X)     delta(Y)     delta(f)                  Gradient
  0  (-5,00000000E+00,  5,00000000E+00)  -1,3036E-01  (-2,1340E-02,  2,6827E-02)   0,0000E+00   1,1343E-01   0,0000E+00   0,0000E+00   0,0000E+00  (-2,1340E-02,  2,6827E-02)
  1  (-1,75199171E+00,  9,16828802E-01)  -4,2610E-01  (-7,9414E-01,  6,6999E-01)   1,5221E+02   2,1869E-01   0,0000E+00   0,0000E+00   0,0000E+00  (-1,3369E-01, -1,0635E-01)
  2  (-1,21890623E+00,  4,67082280E-01)  -4,3774E-01  (-7,4020E-02, -9,7789E-03)   6,7127E-01   4,9729E-01   5,3309E-01  -4,4975E-01  -1,1634E-02  (-1,2782E-01, -1,5152E-01)
  3  ( 3,08592381E+00,  1,03579523E+00)  -2,5457E+00  ( 3,9042E+00,  9,3064E-01)   5,8157E+01   8,9832E-02   4,3048E+00   5,6871E-01  -2,1080E+00  ( 2,0384E-01, -1,5428E+00)
  4  ( 3,12458725E+00,  1,04501143E+00)  -2,5504E+00  ( 1,8920E-01,  2,3189E+00)  -9,9030E-03   1,1666E+00   3,8663E-02   9,2162E-03  -4,6556E-03  ( 2,9242E-01, -1,5513E+00)
  5  ( 3,15549462E+00,  1,42381612E+00)  -3,1998E+00  ( 5,4751E-03,  2,3412E+00)  -1,6336E-01   1,1446E+00   3,0907E-02   3,7880E-01  -6,4947E-01  ( 4,1553E-01, -1,8446E+00)
  6  ( 3,15594099E+00,  1,61468633E+00)  -3,5362E+00  ( 3,7262E-01, -1,3920E+00)  -8,1528E-02   1,7822E+00   4,4637E-04   1,9087E-01  -3,3642E-01  ( 4,4978E-01, -1,6142E+00)
  7  ( 3,05849383E+00,  1,97873039E+00)  -3,8971E+00  ( 9,7421E-02,  1,5750E-02)   2,6152E-01   4,1396E-01  -9,7447E-02   3,6404E-01  -3,6085E-01  ( 1,8249E-01,  4,9286E-02)
  8  ( 3,00037614E+00,  1,96933478E+00)  -3,9026E+00  ( 4,8842E-04, -1,5289E-03)   5,9656E-01   1,8424E+00  -5,8118E-02  -9,3956E-03  -5,5502E-03  ( 1,1799E-03, -7,0389E-03)
  9  ( 3,00000599E+00,  1,97049346E+00)  -3,9027E+00  ( 6,0224E-06,  1,1070E-06)   7,5786E-01   3,9939E-01  -3,7015E-04   1,1587E-03  -4,2962E-06  ( 1,8780E-05,  6,6955E-06)
 10  ( 3,00000000E+00,  1,97049236E+00)  -3,9027E+00  ( 2,4026E-09,  7,3317E-10)   9,9382E-01   3,2030E-01  -5,9852E-06  -1,1002E-06  -5,9909E-11  ( 7,5355E-09,  4,4588E-09)

______________________________________________________________________________________________________________________________________________________________________________

Method Newton:
Number of iterations objective function: 258
Number of iterations: 5
Calculation accuracy - 1E-05
  i                            (x, y)     f(x, y)                         S          lambda        angle      delta(X)      delta(Y)     delta(f)                   Gradient     Matrix Gesse
  0  (-1,75198979E+00,  9,16826378E-01)  -4,2610E-01  ( 2,1340E-02, -2,6827E-02)   1,5221E+02   2,7249E+00   0,0000E+00   0,0000E+00   0,0000E+00  (-1,3369E-01, -1,0635E-01) ((-5,6509E-02, -6,4642E-02), 
                                                                                                                                                                              (-6,4642E-02,  3,9636E-02))
  1  ( 3,00994358E+00,  1,94659707E+00)  -3,9008E+00  ( 1,8967E+00,  4,1015E-01)   2,5107E+00   3,6110E-01   0,0000E+00   0,0000E+00   0,0000E+00  ( 3,1276E-02, -1,4463E-01) (( 3,1446E+00, -3,1331E-03), 
                                                                                                                                                                              (-3,1331E-03,  6,0150E+00))
  2  ( 3,00007451E+00,  1,97050823E+00)  -3,9027E+00  (-9,9220E-03,  2,4039E-02)   9,9467E-01   1,3811E+00  -9,8691E-03   2,3911E-02  -1,8864E-03  ( 2,3368E-04, 9,6532E-05) (( 3,1364E+00, -3,4533E-05), 
                                                                                                                                                                              (-3,4533E-05,  6,0819E+00))
  3  ( 3,00000000E+00,  1,97049236E+00)  -3,9027E+00  (-7,4506E-05, -1,5873E-05)   1,0000E+00   2,7703E+00  -7,4506E-05  -1,5873E-05  -9,4714E-09  (-5,7159E-10, -1,0506E-09) (( 3,1364E+00,  8,4450E-11), 
                                                                                                                                                                              ( 8,4450E-11,  6,0818E+00))
  4  ( 3,00000000E+00,  1,97049236E+00)  -3,9027E+00  ( 1,8224E-10,  1,7274E-10)   1,0000E+00   4,8217E-01   1,8224E-10   1,7274E-10   4,4409E-16  ( 0,0000E+00, 8,3267E-17) (( 3,1364E+00,  -0,0000E+00), 
                                                                                                                                                                              ( -0,0000E+00,  6,0818E+00))

______________________________________________________________________________________________________________________________________________________________________________

